00001000000000010000000000001000
01001000000000100000000000000010
01001100010000110000000000001000
00000100011000010010000000000000
01000000100000100010100000000000
01100000000001010010100010000000
11010000101000011111111111111110
11101000000000000000000001010000
10011101101000010100000000000000
00001000000011101111111111111110
10011101000011100100100000000000
10011001001010100000000000000010
10011001010010110000000000000000
00000001011010100101100000000000
11010101011000101111111111111110
00001000000011001111111111111110
00001001100011000000000000000001
11011001100000001111111111111110
01000100010011000000000000000010
11100000000000000000000001011100
11000000001000100000000000000100
11000100001011010000000000000100
11100111111000000000000000000000
11111100000000000000000000000000
